-1130,
6843,
7884,
38,
-1900,
3892,
4047,
-1533,
-2599,
-1050,
-3584,
-6616,
-5296,
-2075,
39,
1196,
2491,
4436,
4886,
2295,
751,
2180,
601,
-4775,
-5698,
-1982,
-1595,
-3000,
-37,
3356,
2797,
3177,
6497,
7668,
6034,
5214,
4654,
1644,
-3303,
-6149,
-3793,
-1266,
-5259,
-7828,
1129,
8797,
868,
-7739,
-2734,
1121,
-3695,
-1642,
4737,
-1515,
-8329,
1361,
8982,
-76,
-5335,
2139,
4513,
863,
2521,
937,
-7913,
-7434,
1548,
1495,
-1837,
3202,
3864,
-3873,
-1093,
9505,
5945,
-5185,
-4276,
265,
-3145,
-2590,
6085,
7424,
-471,
-3866,
-1372,
-1237,
-3896,
-5796,
-5349,
-1349,
3260,
3682,
3076,
6298,
8190,
3358,
-2104,
-1771,
-281,
-3582,
-7546,
-4936,
1702,
3161,
-1531,
-4104,
-1588,
854,
711,
-953,
-3614,
-3198,
3666,
8975,
5226,
1441,
6622,
12111,
8353,
-427,
-7267,
-8558,
-2893,
2336,
-620,
-2954,
3635,
6436,
-2637,
-8710,
-5034,
-3586,
-4046,
2781,
6817,
-2152,
-9270,
-3361,
2783,
1134,
-580,
-462,
-1842,
-2137,
-2362,
-5803,
-5053,
2812,
4390,
-2327,
-526,
8856,
6130,
-5679,
-5262,
5152,
6303,
-1339,
-3380,
982,
3299,
3129,
4106,
4163,
499,
-2521,
606,
5295,
2432,
-5037,
-5605,
1030,
5172,
4479,
2228,
-1779,
-3789,
2384,
8456,
2697,
-4211,
1966,
7778,
-1782,
-10331,
-2928,
1861,
-9887,
-17404,
-5701,
6121,
2177,
-4898,
-2816,
1257,
-19,
-2386,
-1094,
2465,
4474,
2670,
-509,
-251,
2823,
3570,
1076,
-1485,
-2593,
-1692,
1056,
2100,
-462,
-1953,
634,
2714,
1054,
-745,
476,
3181,
4467,
2612,
-1176,
-3303,
-3194,
-3170,
-1723,
3303,
6871,
4037,
-612,
-1295,
275,
1126,
1394,
798,
-409,
-428,
-356,
-2423,
-4080,
-1664,
3587,
7368,
5793,
-438,
-3731,
-1017,
-1899,
-9836,
-10891,
21,
6690,
1554,
-3500,
-3677,
-4094