-1130,
-2869,
-1945,
1494,
6143,
4317,
-2121,
-1896,
1608,
-3216,
-9971,
-6593,
1229,
4474,
5642,
5900,
2744,
202,
582,
-1190,
-3926,
-1939,
460,
-1187,
110,
6042,
5985,
-2137,
-7603,
-5451,
76,
4280,
3612,
-426,
-563,
2096,
-1709,
-7313,
-1158,
9231,
4634,
-9243,
-11136,
-1949,
1478,
-2116,
-2639,
236,
1929,
3159,
2573,
-3372,
-8400,
-3606,
4635,
4210,
-1298,
-1102,
2126,
-554,
-6616,
-7189,
-682,
7632,
11681,
8776,
3376,
1876,
2876,
2413,
3317,
6487,
4546,
-2901,
-4474,
2464,
6630,
3584,
308,
-1508,
-5865,
-9053,
-4814,
1246,
-1198,
-9291,
-10817,
-3769,
2215,
2949,
2836,
2307,
-922,
-2111,
1735,
2904,
-1792,
-3330,
817,
2400,
648,
765,
478,
-917,
2356,
5440,
-1562,
-9493,
-5454,
4,
-4329,
-5782,
3161,
6322,
-2500,
-6445,
604,
5318,
3666,
4773,
8642,
6939,
972,
-1316,
-1230,
-5314,
-9110,
-2904,
7913,
9644,
4785,
4274,
3845,
-2734,
-4759,
1910,
1494,
-7841,
-6712,
5006,
7140,
-265,
-1878,
180,
-2249,
-3066,
1013,
2212,
-446,
-2341,
-4570,
-5384,
-858,
1010,
-6249,
-10759,
-4616,
1172,
1522,
3782,
4677,
-2926,
-8320,
-735,
9286,
9892,
5695,
3270,
2231,
2780,
4806,
5123,
3626,
2522,
553,
-2747,
-4555,
-5093,
-6165,
-5697,
-3346,
-2888,
-3347,
-597,
2506,
1443,
-979,
-2130,
-4087,
-4592,
636,
6142,
4145,
-1377,
-2766,
-760,
1798,
4515,
3572,
-2397,
-3751,
4972,
11363,
5176,
-3102,
-1211,
4904,
4318,
-2165,
-7109,
-5844,
205,
3660,
762,
-1599,
632,
299,
-3621,
-1337,
5820,
5878,
315,
-1200,
-1407,
-4990,
-5936,
-2414,
-402,
192,
-533,
-7440,
-12077,
-1061,
12379,
8043,
-2078,
-524,
436,
-7590,
-6427,
7001,
10468,
1600,
-1114,
2029,
-1249,
-6598,
-4901,
442,
3635,
2757,
-2025,
-3883,
2602,
8519,
5067