1447,
-2805,
-3787,
5170,
2729,
-5617,
-4815,
6606,
8497,
-694,
-760,
-5058,
-5238,
4743,
-1389,
-5184,
-2010,
-534,
6273,
-5144,
-8988,
12310,
7208,
-8680,
-5030,
287,
3515,
551,
-3757,
-4258,
-6070,
-1179,
1396,
-2062,
-706,
-5076,
-9788,
27,
6223,
-1084,
-1214,
3749,
-2097,
-4684,
429,
5454,
8253,
417,
-1819,
3515,
-1348,
259,
4005,
2476,
6507,
1872,
-1882,
-723,
-6754,
-4113,
-2043,
-1693,
3598,
-1886,
0,
376,
-11660,
-1674,
7108,
1096,
6618,
4472,
-2798,
6844,
15235,
7714,
806,
6448,
3737,
-5882,
-2157,
2650,
5533,
3011,
-6966,
-1833,
4735,
-541,
-3084,
-4398,
2452,
9288,
1777,
-1174,
-2746,
-5812,
4819,
8362,
-2073,
-701,
4758,
-3251,
-6473,
3293,
3131,
-4562,
-1472,
1936,
-704,
-1755,
-4281,
-5470,
-3251,
-6034,
-5327,
-142,
-5598,
-6074,
1544,
-5125,
-6444,
5441,
5817,
2834,
-310,
-9650,
-10714,
-4513,
2895,
5936,
-2586,
-3718,
4811,
1338,
-1093,
8415,
8408,
2766,
5665,
3990,
-1752,
-3738,
-3372,
2056,
-1361,
-7392,
16,
-2470,
-5496,
816,
-7821,
-9707,
-2993,
-3952,
3799,
2388,
-367,
9951,
1402,
606,
11634,
-3291,
-6577,
5699,
648,
-2290,
-3,
661,
4156,
2966,
-3300,
-8601,
-2020,
9197,
7394,
5093,
3990,
316,
5422,
5212,
-1981,
-365,
800,
1447,
4812,
2666,
159,
-1352,
-1567,
2426,
-572,
-6291,
-1447,
4184,
2568,
781,
3780,
1280,
-10515,
-9674,
-2348,
-7962,
-4710,
4469,
2409,
4188,
1951,
53,
6976,
-5219,
-8839,
7926,
-2177,
-12739,
-5867,
-4063,
5492,
3430,
-3301,
10187,
5356,
439,
9573,
-2848,
-3371,
2598,
-8387,
740,
4732,
-4106,
7323,
9434,
-457,
-4759,
-8333,
-3845,
278,
4087,
8296,
4517,
5423,
1234,
-4673,
2073,
-3162,
-8902,
-977,
-3004,
-8244,
-2937,
7074,
5109,
-4878,
1169,
4716,
-757