6153,
-4541,
-13280,
-7322,
-267,
108,
1078,
-4001,
-9827,
-501,
5513,
-1086,
2847,
6755,
-1643,
-373,
5111,
5192,
2252,
-10152,
-7962,
5787,
-3403,
-9612,
213,
975,
-2745,
-5602,
-1863,
6839,
1939,
-2065,
5356,
5512,
-1126,
-4336,
-2334,
1511,
1957,
397,
322,
3631,
3558,
-5877,
-9618,
-158,
5979,
587,
-4381,
837,
3145,
-3070,
1443,
5588,
-4162,
-51,
5792,
-5730,
1883,
13825,
-1756,
-3913,
10501,
1659,
-9773,
1679,
8912,
3938,
7189,
4304,
-5897,
-420,
2186,
1048,
9323,
2681,
-9088,
-4573,
2390,
2472,
-2221,
-1542,
-2277,
-7893,
-1778,
2703,
3612,
4952,
-4628,
-220,
7716,
-3949,
-4391,
510,
-1150,
2502,
661,
-2594,
-3589,
-5826,
-481,
5584,
1838,
-6419,
-3942,
-417,
-7061,
1645,
12373,
4755,
1515,
1448,
2159,
717,
-7675,
-6379,
-7145,
-5519,
7604,
3554,
-6295,
-9307,
-6072,
6683,
2756,
1152,
12249,
4397,
3257,
7398,
-2704,
-1097,
-869,
-6215,
-457,
-1569,
-4197,
3531,
8747,
5695,
-382,
-1016,
-2736,
-4834,
3678,
2187,
-10599,
-6178,
2144,
-142,
-1853,
-8538,
-8733,
3733,
-1494,
-9578,
-1356,
-1865,
-3080,
-678,
-8976,
-7819,
5134,
7431,
-106,
-528,
3624,
1169,
5425,
5428,
-4209,
4517,
7191,
-108,
7495,
3349,
-4057,
-1572,
267,
8705,
1463,
-5550,
6136,
-2111,
-5721,
7648,
466,
-5987,
4537,
8601,
-1193,
-3226,
4705,
-218,
-2985,
-1423,
-472,
10877,
3003,
-6179,
2975,
-3775,
1604,
13220,
3246,
6667,
5456,
-7755,
-9464,
-12892,
-7566,
570,
2150,
8165,
701,
-7264,
541,
4811,
1540,
-3344,
-1146,
-564,
-4995,
-1204,
-1385,
-1220,
1785,
-3552,
-2657,
-308,
2339,
3911,
-4525,
2905,
5512,
-7608,
1621,
3793,
-2778,
5410,
-2407,
-6622,
5734,
8033,
9685,
6031,
-1147,
1034,
-4335,
-7856,
289,
150,
-4970,
-3341,
1408,
6293